251969995
251969995
5905
251969995
5905
251914674
251914674
5905
251914674
5905
251914674
5905
251914674
251914674
252409336
5905
252409336
252409336
5905
252409336
252409336
252409336
252409336
252409336
252409336
252409336
252409336
252409336
253587918
253587918
253587918
253587918
253587918
5905
253643239
253643239
253643239
5905
253643239
253643239
5905
253643239
253643239
253643239
253643239
253643239
253643239
253643239
253643239
253643239
253643239
253643239
253643239
253643239
253643239
253643239
253643239
253643239
253643239
253643239
253643239
253643239
253643239
253643239
253643239
253643239
253643239
253643239
253643239
253643239
253643239
253643239
253643239
253643239
253643239
253643239
253643239
253643239
253643239
253643239
253643239
253643239
253643239
253643239
253643239
253643239
253643239
253643239
253643239
253643239
253643239
253643239
253643239
253643239
253643239
253643239
253643239
253643239
253643239
253643239
253643239
253643239
253643239
253643239
253643239
253643239
253643239
253643239
253643239
253643239
253643239
253643239
253643239
253643239
253643239
253643239
253643239
253643239
253643239
253643239
253643239
253643239
253643239
253643239
253643239
253643239
253643239
253643239
253643239
253643239
253643239
253643239
253643239
253643239
253643239
253643239
253643239
253643239
253643239
253643239
253643239
253643239
253643239
253643239
253643239
253643239
253643239
253643239
253643239
253643239
253643239
5905
253643239
5905
253494149
5905
253587918
5905
253587918
5905
253587918
5905
253867376
253718286
